1
16
26
34
35
39
40
50
55
55
58
62
69
75
90
93
93
102
109
110
110
119
132
134
142
148
173
179
191
193
207
208
248
258
266
270
278
288
289
294
296
299
299
308
308
312
333
356
358
363
368
377
398
405
416
429
429
450
453
463
471
490
493
494
503
514
522
523
524
534
538
542
545
557
560
597
599
601
605
608
644
647
653
658
670
670
675
702
707
724
725
727
747
767
771
775
783
785
788
802
817
819
825
829
837
851
852
853
856
858
891
898
900
901
902
907
914
917
919
920
935
938
959
960
975
976
984
985
